Product 1
2191109349
0
0
4.98
Product 2
8284107414
0
0
14.32
Product 3
1314658097
0
0
2.22
Product 4
0776636150
0
0
11.75
Product 5
2788255232
0
0
0.74
Product 6
7455786270
0
1
11.63
Product 7
5622124636
0
0
1.39
Product 8
1311617678
0
0
0.03
Product 9
7359993530
0
0
11.61
Product 10
6649090255
0
0
3.44
Product 11
0178143676
0
0
11.09
Product 12
9507953279
0
0
7.43
Product 13
1163815542
0
1
10.50
Product 14
9425142071
0
0
11.56
Product 15
3759685891
0
0
10.67
Product 16
1287455959
0
0
10.17
Product 17
4545895171
0
0
5.44
Product 18
5981949092
0
0
15.12
Product 19
7193287171
0
0
11.74
Product 20
1222426811
0
1
15.59
Product 21
0278482916
0
0
13.48
Product 22
3128924785
0
0
14.31
Product 23
5933900011
0
0
12.95
Product 24
9205989645
0
0
15.98
Product 25
5918293069
0
0
2.31
Product 26
5415810521
0
0
7.83
Product 27
7504440786
0
0
7.80
Product 28
7102916618
0
0
3.33
Product 29
3875964936
0
0
8.74
Product 30
1235110375
0
0
1.02
Product 31
6638600253
1
0
6.55
Product 32
5147491796
0
0
7.67
Product 33
2366016517
0
0
9.33
Product 34
2239150215
0
0
6.25
Product 35
4133476083
0
0
8.88
Product 36
8120584824
0
0
8.98
Product 37
0672070747
0
0
1.13
Product 38
2712511369
0
0
14.87
Product 39
2389382840
1
0
14.46
Product 40
4268712207
0
0
14.77
Product 41
9195903347
0
0
0.43
Product 42
6972233439
0
0
8.76
Product 43
5419586360
0
0
10.85
Product 44
2968406157
0
0
12.66
Product 45
8132955301
1
0
13.67
Product 46
7642800843
1
0
5.24
Product 47
8763994415
0
0
0.19
Product 48
4768121840
0
0
10.78
Product 49
5175873623
0
0
1.89
Product 50
8598573566
0
0
11.13
Product 51
0821671438
0
0
8.34
Product 52
7148345408
0
0
4.55
Product 53
4424321150
1
0
1.14
Product 54
5357349599
0
1
9.72
Product 55
5915625403
1
0
14.64
Product 56
0141858627
1
0
12.03
Product 57
5840938893
0
0
11.41
Product 58
7379421977
0
0
8.32
Product 59
5759301569
0
1
13.04
Product 60
1422767403
1
0
14.06
Product 61
9834654591
1
0
10.99
Product 62
4180363430
1
0
1.81
Product 63
3467157607
0
0
15.01
Product 64
3871399526
0
0
10.62
Product 65
6374318309
0
0
6.00
Product 66
4550670469
0
0
8.50
Product 67
3517339535
0
0
6.93
Product 68
4113193245
0
0
13.34
Product 69
3508509686
0
0
9.08
Product 70
7174321237
0
0
11.29
Product 71
8221846697
0
0
5.94
Product 72
1556963494
0
0
15.13
Product 73
0753271662
0
0
9.74
Product 74
0408430408
0
1
3.47
Product 75
0597674819
0
0
15.43
Product 76
7233898718
0
0
13.08
Product 77
0736296569
0
0
11.15
Product 78
7124901355
0
1
15.28
Product 79
2121843701
0
0
14.13
Product 80
9217211939
0
0
9.22
Product 81
7674881130
0
0
14.43
Product 82
6188214273
0
0
14.71
Product 83
1264788962
0
0
11.58
Product 84
6421745745
0
0
10.91
Product 85
4235880610
0
0
3.20
Product 86
1700622623
0
0
3.05
Product 87
2965925977
0
0
5.39
Product 88
1962222515
0
0
8.80
Product 89
9906136680
0
0
10.95
Product 90
1443940884
0
0
4.40
Product 91
3225087407
1
0
13.21
Product 92
2663589126
0
0
14.93
Product 93
6171348921
0
0
14.40
Product 94
1451906697
0
0
15.84
Product 95
3182733596
0
0
6.77
Product 96
4151467954
0
0
4.05
Product 97
5706569292
1
0
5.41
Product 98
8442964047
0
0
7.52
Product 99
3539070280
0
1
14.39
Product 100
7759006403
1
0
0.39
Product 101
3235797011
1
0
3.31
Product 102
9650990443
0
0
1.17
Product 103
2381451383
0
0
12.24
Product 104
6720446353
0
0
3.07
Product 105
2516646101
0
1
11.65
Product 106
0784957775
0
0
0.42
Product 107
6401348121
1
0
1.29
Product 108
8234654007
0
0
12.89
Product 109
6936319948
1
0
3.42
Product 110
0116619204
0
0
12.30
Product 111
6150234700
0
0
8.24
Product 112
5426180557
1
0
2.66
Product 113
2331343171
0
0
10.75
Product 114
5363822829
0
0
1.68
Product 115
4286978944
0
1
5.53
Product 116
1940460300
0
0
3.36
Product 117
6121405160
0
0
11.63
Product 118
2218013669
0
0
3.36
Product 119
6216579409
0
0
11.05
Product 120
4252039156
0
0
7.32
Product 121
4881881021
0
0
11.53
Product 122
0451192008
0
0
4.75
Product 123
1779910924
0
0
10.12
Product 124
0691685255
0
0
2.63
Product 125
6216727806
0
0
7.89
Product 126
7232617838
0
0
9.25
Product 127
6133338478
0
0
13.55
Product 128
6380785374
0
0
13.82
Product 129
5397045249
0
0
5.16
Product 130
2396608146
0
0
1.04
Product 131
1656386557
0
0
1.94
Product 132
4927881796
0
0
11.80
Product 133
5242012865
0
0
13.74
Product 134
9789697004
0
0
13.71
Product 135
6936802471
0
0
5.09
Product 136
5582587656
0
0
0.15
Product 137
5374603413
0
0
6.14
Product 138
7973909115
0
0
5.94
Product 139
5575503696
0
0
8.50
Product 140
8899206718
0
0
6.55
Product 141
1662916453
0
0
15.28
Product 142
7438672181
0
0
3.74
Product 143
9392839448
0
0
3.79
Product 144
9655869967
0
0
15.28
Product 145
5657158780
0
0
0.91
Product 146
1489936789
0
0
5.14
Product 147
5306277014
0
0
3.34
Product 148
3531332979
0
0
1.16
Product 149
9476965522
0
0
14.06
Product 150
0160324556
0
0
5.30
Product 151
0472986659
0
0
10.33
Product 152
8885706063
0
0
3.34
Product 153
2631560816
0
0
6.91
Product 154
6821899372
0
0
6.21
Product 155
3445973311
0
0
11.74
Product 156
8409489926
0
0
7.56
Product 157
6902516558
0
0
1.77
Product 158
1390779093
0
0
3.71
Product 159
3273564437
0
0
9.95
Product 160
4234910897
1
0
1.71
Product 161
5460471946
1
0
2.33
Product 162
1993167407
0
0
15.65
Product 163
0460374460
0
0
9.65
Product 164
4348957315
0
0
3.62
Product 165
1486660983
0
0
9.08
Product 166
4700708178
0
0
13.07
Product 167
8855553017
0
0
4.39
Product 168
1982526994
0
0
10.83
Product 169
6437041725
1
0
6.38
Product 170
4441582734
0
0
10.55
Product 171
9172828941
0
0
1.58
Product 172
2398110729
0
0
7.07
Product 173
8612000235
0
1
1.59
Product 174
3812348614
0
0
13.79
Product 175
7240000026
0
0
2.29
Product 176
4770918107
0
0
8.27
Product 177
1696624182
0
0
11.61
Product 178
3132829290
0
0
14.69
Product 179
1320011934
0
0
2.70
Product 180
4209756850
0
0
13.09
Product 181
4423924511
0
0
13.87
Product 182
4996599163
0
0
14.76
Product 183
2637201235
0
0
11.63
Product 184
6888711085
0
0
1.87
Product 185
8223860662
0
0
9.84
Product 186
8750961813
0
0
15.27
Product 187
7919180472
0
0
15.61
Product 188
8499186802
0
0
15.16
Product 189
6993480925
0
0
14.01
Product 190
9948033748
0
0
2.40
Product 191
6269592424
0
0
12.49
Product 192
5355749746
0
0
10.85
Product 193
8717993780
0
0
8.14
Product 194
0582369655
0
0
15.94
Product 195
5461124411
0
0
12.92
Product 196
1520414763
0
0
4.73
Product 197
5116539459
0
0
3.75
Product 198
3364309327
0
0
2.78
Product 199
7382371370
0
0
6.42
Product 200
6996677805
0
0
3.71
Product 201
9448242187
0
0
15.53
Product 202
6930983421
0
0
1.03
Product 203
2733932422
1
0
10.89
Product 204
4772442644
1
0
12.23
Product 205
0836414298
0
0
11.82
Product 206
4376131312
0
0
7.26
Product 207
0847050086
1
0
2.48
Product 208
6331172911
0
0
8.98
Product 209
5383012269
0
0
9.80
Product 210
4301328487
0
0
15.23
Product 211
1699341978
1
0
10.01
Product 212
1148082509
0
1
11.75
Product 213
5201475219
0
0
4.86
Product 214
2926147211
0
0
13.81
Product 215
8331458305
0
0
8.03
Product 216
1382778426
0
0
14.20
Product 217
0246239574
0
1
11.29
Product 218
8383481922
0
1
0.00
Product 219
2404197196
0
0
4.98
Product 220
3213807434
0
0
10.95
Product 221
5537989627
1
0
12.62
Product 222
9768009889
0
0
5.28
Product 223
1595811193
0
0
7.17
Product 224
3941039991
0
0
4.86
Product 225
3312052048
0
0
3.39
Product 226
3209725337
0
0
6.20
Product 227
5191578586
0
0
10.49
Product 228
9426329840
0
0
8.91
Product 229
6617491828
0
0
7.63
Product 230
4467694134
0
0
3.43
Product 231
1178133253
0
0
13.69
Product 232
5176441657
0
0
6.99
Product 233
0262173543
0
0
15.99
Product 234
6264176287
0
0
13.60
Product 235
6686507862
0
0
4.88
Product 236
7735171696
0
0
2.96
Product 237
9553366625
1
0
3.36
Product 238
1821831302
0
0
1.64
Product 239
6385552827
0
0
12.39
Product 240
5379018418
0
0
14.03
Product 241
4866084382
0
0
15.46
Product 242
4997004072
0
0
11.53
Product 243
4785065778
0
0
13.05
Product 244
1936073681
0
0
6.34
Product 245
7912636800
0
0
7.86
Product 246
8291486677
1
0
9.79
Product 247
4196017053
1
0
9.76
Product 248
1253046510
0
0
14.98
Product 249
2744146187
0
0
3.62
Product 250
8408532438
0
0
15.80
Product 251
1344493331
0
0
4.97
Product 252
7732920544
0
0
3.57
Product 253
8797013719
0
0
0.39
Product 254
2857333837
0
0
6.37
Product 255
6539316596
0
0
14.97
Product 256
4960252724
0
0
9.71
Product 257
3238444237
0
0
1.78
Product 258
4365139306
0
0
14.53
Product 259
1613041702
0
0
4.49
Product 260
6311786405
0
0
8.71
Product 261
0263125196
0
0
1.78
Product 262
9397242903
0
0
6.30
Product 263
6492301208
0
0
8.30
Product 264
9742541985
0
0
8.04
Product 265
3566510830
0
0
1.58
Product 266
6810703104
0
0
12.16
Product 267
9123235738
0
0
14.78
Product 268
9612941381
0
0
10.16
Product 269
4997147763
0
0
9.45
Product 270
8534965168
1
0
11.87
Product 271
3288312312
0
0
3.68
Product 272
7410591806
0
0
13.53
Product 273
8484741149
0
1
1.16
Product 274
4976810484
0
0
4.67
Product 275
2401891278
0
0
6.86
Product 276
9467933021
0
0
6.16
Product 277
6911143886
0
0
14.91
Product 278
0687476957
1
0
0.05
Product 279
2110957686
0
0
0.27
Product 280
2245654530
0
0
13.92
Product 281
4125624282
1
0
6.88
Product 282
8547064212
0
0
3.05
Product 283
0306005712
0
0
2.42
Product 284
5268489243
0
0
11.34
Product 285
5386089348
0
0
1.42
Product 286
2811968158
0
0
13.64
Product 287
6418029681
0
0
1.71
Product 288
4609316772
1
0
15.84
Product 289
1755441137
0
0
2.08
Product 290
7316263118
0
0
3.11
Product 291
5974633064
0
0
14.52
Product 292
5285352620
0
0
15.18
Product 293
7820055246
0
0
5.12
Product 294
0865229543
0
0
1.86
Product 295
0415086090
0
0
13.44
Product 296
0886025341
0
0
4.27
Product 297
4311784309
1
0
4.75
Product 298
5600739943
0
0
14.98
Product 299
6233485827
0
0
14.44
Product 300
6365169568
0
0
13.73
Product 301
3797015964
0
0
7.77
Product 302
0819685152
0
0
9.70
Product 303
1732064619
0
0
6.30
Product 304
7666762331
0
0
4.42
Product 305
0773223118
0
0
11.00
Product 306
1388922354
0
0
7.12
Product 307
9367879948
0
0
1.26
Product 308
7284303412
0
0
0.85
Product 309
6275352900
0
0
6.40
Product 310
7753416984
0
0
9.53
Product 311
9421252451
1
0
8.45
Product 312
7984898771
0
0
12.58
Product 313
1867101086
0
0
2.58
Product 314
2535637030
0
0
5.20
Product 315
9313691829
0
0
11.35
Product 316
6106016005
0
0
11.40
Product 317
0402044788
0
0
14.50
Product 318
3255365109
0
0
10.49
Product 319
0801662781
0
0
1.03
Product 320
2498078816
0
0
9.42
Product 321
7362275873
0
0
9.66
Product 322
3801098440
1
0
4.92
Product 323
1467147846
0
0
4.59
Product 324
1536316842
0
0
1.73
Product 325
0490593096
1
0
6.43
Product 326
0720818293
0
0
14.40
Product 327
4851836080
0
0
9.02
Product 328
8929203588
0
1
11.11
Product 329
5970021194
0
0
11.84
Product 330
5760004365
0
0
7.15
Product 331
4550348966
0
0
0.02
Product 332
6441571931
0
0
9.32
Product 333
4280978368
0
0
8.25
Product 334
3530067324
0
0
10.60
Product 335
2807250551
0
0
4.96
Product 336
4480219637
0
0
12.55
Product 337
6837621710
0
0
2.40
Product 338
0143893418
0
0
2.74
Product 339
7417109727
0
0
12.38
Product 340
1694777787
0
0
12.64
Product 341
4717492244
0
0
11.28
Product 342
1766034815
0
0
1.34
Product 343
6440548353
0
0
13.55
Product 344
0697540086
0
0
11.20
Product 345
6162227915
1
0
2.43
Product 346
9882691832
0
0
0.05
Product 347
6661067103
1
0
12.23
Product 348
3502113960
0
0
9.38
Product 349
9381101486
0
0
6.84
Product 350
6494548960
1
0
10.72
Product 351
6448180887
0
0
4.26
Product 352
4505519855
0
0
12.26
Product 353
5253738402
1
0
0.26
Product 354
8138002420
0
0
7.50
Product 355
6263535787
0
0
4.05
Product 356
1938792062
0
0
10.56
Product 357
9168961976
0
0
3.91
Product 358
0325875657
0
1
5.07
Product 359
7246120854
0
0
8.79
Product 360
3738673847
0
0
10.63
Product 361
6164340651
0
0
14.71
Product 362
6366993912
0
0
13.96
Product 363
4534641853
0
0
1.57
Product 364
9224378595
0
0
5.29
Product 365
7132336928
0
1
12.14
Product 366
4274723248
0
0
1.24
Product 367
5459328547
0
0
3.91
Product 368
7691792742
0
0
7.12
Product 369
4665195145
0
0
5.18
Product 370
4241276597
0
0
3.36
Product 371
7759763609
1
0
11.16
Product 372
6166792085
0
0
12.11
Product 373
2231165672
0
0
0.76
Product 374
2950837369
0
0
13.51
Product 375
8252471622
0
0
9.71
Product 376
3848336050
0
1
4.49
Product 377
4281031288
0
0
8.07
Product 378
3317563776
0
0
10.95
Product 379
4111937264
0
0
12.37
Product 380
7413473989
0
0
12.92
Product 381
6191875517
0
0
15.55
Product 382
2157332389
0
0
10.83
Product 383
4750499697
1
0
14.38
Product 384
5587979248
0
0
6.67
Product 385
8409882703
0
0
8.52
Product 386
9409583589
0
0
4.17
Product 387
8704557530
0
0
15.44
Product 388
9816491164
0
0
6.74
Product 389
9702812274
0
0
12.57
Product 390
2150736133
0
0
8.87
Product 391
5957090302
0
0
0.56
Product 392
0391235779
1
0
3.66
Product 393
5987793463
0
0
2.00
Product 394
8713917438
0
0
13.81
Product 395
2697023423
0
0
1.56
Product 396
4948714374
1
0
0.19
Product 397
2933177656
0
0
1.54
Product 398
3541115486
0
0
12.73
Product 399
9889419835
0
0
5.22
Product 400
9795269693
0
0
6.38
Product 401
8776646634
0
0
12.53
Product 402
7208261017
0
0
12.47
Product 403
1413566567
0
0
9.39
Product 404
2894596064
0
0
5.17
Product 405
4559235180
0
0
0.33
Product 406
7965996573
0
0
8.02
Product 407
8194965301
1
0
8.98
Product 408
6533727642
0
0
12.41
Product 409
8446230428
0
0
3.83
Product 410
4686753944
0
0
5.01
Product 411
8428646366
0
0
15.28
Product 412
0209206974
0
0
5.32
Product 413
5359925349
0
0
13.00
Product 414
0282309756
0
0
10.43
Product 415
9888087379
1
0
1.18
Product 416
0205703286
0
0
14.89
Product 417
3160804969
0
0
13.64
Product 418
2128490418
0
0
1.73
Product 419
2796497711
0
0
9.22
Product 420
6394558288
0
0
1.64
Product 421
6366078095
0
0
11.32
Product 422
4611434599
1
0
12.76
Product 423
9412073324
1
0
0.51
Product 424
0994647506
0
0
12.79
Product 425
9146046982
1
0
2.14
Product 426
3337077439
0
0
8.05
Product 427
5523944287
0
0
1.47
Product 428
4501986132
0
0
12.92
Product 429
5134420153
0
0
10.98
Product 430
7589019552
0
0
6.54
Product 431
7661941143
0
0
5.39
Product 432
5258245652
1
0
5.25
Product 433
2368215625
0
0
5.91
Product 434
3122506075
0
1
12.97
Product 435
7167105985
0
0
11.78
Product 436
4973798495
0
0
13.39
Product 437
3353492692
0
0
9.31
Product 438
5344783745
0
0
15.36
Product 439
9331638069
1
0
10.92
Product 440
7316078592
1
0
6.58
Product 441
0324747243
0
0
2.00
Product 442
4303782046
0
0
10.39
Product 443
7303769175
0
0
5.88
Product 444
5723404508
0
0
12.40
Product 445
8746962987
1
0
7.73
Product 446
1726883009
0
0
0.54
Product 447
6431678378
0
0
4.68
Product 448
6627900679
0
0
10.28
Product 449
8391813847
0
0
1.31
Product 450
8270284051
0
0
4.28
Product 451
6763224573
0
0
12.68
Product 452
8815535724
0
1
2.90
Product 453
5266495937
0
0
10.68
Product 454
8114832519
0
0
7.28
Product 455
5624158227
0
0
5.00
Product 456
4213610820
0
0
2.84
Product 457
0612853948
1
0
12.23
Product 458
4551120492
0
0
1.14
Product 459
8155958001
0
1
11.65
Product 460
9787518437
0
0
7.04
Product 461
1383436246
0
0
7.24
Product 462
9693501301
0
0
12.74
Product 463
4343594907
0
0
10.33
Product 464
4452049742
0
0
12.23
Product 465
1341723129
0
0
7.68
Product 466
0355211567
0
0
8.43
Product 467
8211318925
1
0
9.17
Product 468
3409114078
0
0
8.49
Product 469
1103087767
0
0
2.43
Product 470
4339874808
0
0
12.25
Product 471
5773957664
0
0
7.65
Product 472
4540969953
0
0
9.69
Product 473
8323373182
0
0
7.49
Product 474
3482759834
0
0
4.67
Product 475
3943144542
0
0
3.83
Product 476
9850787182
0
0
12.96
Product 477
0222803255
0
0
11.12
Product 478
4678882392
0
0
5.76
Product 479
5342415426
0
1
3.27
Product 480
5247036505
0
0
10.64
Product 481
7162009201
0
0
14.99
Product 482
9643403504
0
0
13.78
Product 483
1402580785
0
0
11.46
Product 484
9358227727
0
0
3.97
Product 485
9327045253
0
0
9.24
Product 486
9937700107
0
0
2.32
Product 487
6727057385
0
0
10.40
Product 488
2919318543
0
0
8.77
Product 489
8437000990
0
0
1.76
Product 490
5305535678
0
0
6.74
Product 491
1728341920
0
0
0.64
Product 492
2357558196
0
0
8.43
Product 493
3283648041
0
0
4.16
Product 494
8324261509
0
0
4.22
Product 495
4349654750
0
0
8.22
Product 496
4957414932
1
0
9.19
Product 497
9569198913
0
0
13.73
Product 498
9687833752
0
0
0.11
Product 499
5296141324
0
0
0.42
Product 500
3496589692
0
0
2.42
Product 501
5672149692
0
0
11.90
Product 502
4139057367
0
0
8.15
Product 503
2740889881
0
0
14.73
Product 504
8167594912
0
0
7.40
Product 505
5198554055
0
0
4.31
Product 506
0584650467
0
0
10.39
Product 507
1925001219
0
0
3.30
Product 508
1557043604
0
0
1.53
Product 509
7367619555
0
0
14.40
Product 510
7117793240
0
0
7.15
Product 511
8857074809
0
0
7.32
Product 512
5461065900
0
0
2.46
Product 513
8649164136
0
1
15.66
Product 514
0137066769
0
0
9.68
Product 515
1343954957
0
0
11.93
Product 516
7876844470
0
0
6.46
Product 517
7217417089
0
0
13.04
Product 518
9676498358
0
0
3.01
Product 519
4931420059
1
0
0.29
Product 520
5366937423
0
0
2.97
Product 521
5218221569
0
0
4.22
Product 522
9289449474
0
0
10.48
Product 523
8429954066
0
0
7.28
Product 524
0954504922
0
1
3.97
Product 525
4255907571
0
0
10.86
Product 526
6106448707
0
0
10.08
Product 527
8467514675
0
0
0.43
Product 528
9655896622
0
0
11.90
Product 529
5299460380
0
0
13.74
Product 530
9417019087
0
0
12.27
Product 531
0728436048
0
0
4.01
Product 532
8766204342
0
0
5.57
Product 533
0376774036
0
0
8.94
Product 534
8744688394
0
0
9.41
Product 535
8621044586
0
0
8.91
Product 536
1245038518
0
0
11.50
Product 537
5205917693
1
0
1.78
Product 538
0381019838
1
0
11.54
Product 539
2155073197
0
0
3.45
Product 540
9966738630
0
1
6.85
Product 541
8494973265
0
0
6.45
Product 542
5758534553
0
1
13.51
Product 543
5894858465
0
1
13.94
Product 544
3794280867
0
0
13.16
Product 545
7524779225
0
1
1.12
Product 546
5220219690
0
0
0.95
Product 547
5403111026
0
0
4.70
Product 548
6429814263
0
0
5.98
Product 549
5405374154
0
0
12.52
Product 550
3713039916
0
0
14.26
Product 551
5516613665
1
0
7.06
Product 552
7895017633
0
0
8.34
Product 553
9181957318
0
0
2.09
Product 554
2623593868
0
0
8.73
Product 555
9874993587
0
0
1.45
Product 556
4693210289
0
0
7.00
Product 557
4654304814
0
0
8.11
Product 558
5332809631
0
0
2.21
Product 559
2124126484
1
0
0.59
Product 560
4285593839
0
0
9.30
Product 561
7169092216
0
0
6.96
Product 562
3175369108
1
0
15.59
Product 563
1771420182
0
0
11.94
Product 564
1553764284
0
0
0.52
Product 565
4979155122
0
0
8.45
Product 566
3463553954
0
0
8.75
Product 567
4349128871
0
0
12.48
Product 568
9998818286
0
0
5.94
Product 569
5176645684
0
0
9.97
Product 570
4497509477
1
0
13.84
Product 571
9195844947
0
0
15.01
Product 572
2507342828
0
0
14.88
Product 573
1599698458
0
0
3.50
Product 574
6635590059
0
0
1.78
Product 575
0325397188
0
0
14.60
Product 576
2876190220
0
0
10.07
Product 577
3115078427
0
0
8.33
Product 578
2329839824
0
0
1.04
Product 579
4122851750
0
0
2.57
Product 580
2357101112
0
0
7.16
Product 581
5840439894
0
0
7.27
Product 582
7511070448
0
0
11.38
Product 583
5955790307
0
0
3.30
Product 584
7841770081
0
0
15.77
Product 585
9135247682
0
0
14.08
Product 586
6753308275
0
0
8.41
Product 587
9900228124
0
0
10.10
Product 588
9925098254
0
0
11.21
Product 589
6822774314
0
0
10.42
Product 590
6686667884
0
0
2.10
Product 591
9103832446
0
0
3.33
Product 592
9653634909
0
0
6.43
Product 593
9524055745
0
0
1.21
Product 594
7196125342
1
0
10.81
Product 595
3484421227
0
0
12.65
Product 596
5252828071
0
0
12.47
Product 597
5259454142
0
0
11.86
Product 598
2505796621
0
0
3.62
Product 599
2337636555
0
0
11.31
Product 600
9654393490
0
0
15.23
Product 601
5345075352
0
1
11.32
Product 602
2522065203
0
0
7.85
Product 603
8238323906
0
0
2.83
Product 604
8147109762
0
0
15.92
Product 605
7332517170
0
0
2.90
Product 606
3852715050
0
0
12.01
Product 607
0200325124
0
0
3.05
Product 608
6213502811
0
0
1.76
Product 609
0528934071
0
0
6.49
Product 610
9597748707
0
0
0.28
Product 611
7866439439
0
0
3.36
Product 612
3304027525
0
0
13.61
Product 613
7950582212
0
0
8.74
Product 614
8318816161
0
0
11.82
Product 615
8195173348
0
0
12.13
Product 616
1100021192
0
0
0.48
Product 617
8391458455
0
0
8.45
Product 618
3433380378
0
1
14.66
Product 619
5754190504
0
0
0.71
Product 620
9186561149
0
0
8.61
Product 621
2591745234
1
0
5.20
Product 622
6979793018
0
0
8.34
Product 623
5992584215
0
0
6.87
Product 624
4280021550
0
0
0.70
Product 625
1233500227
0
0
6.01
Product 626
6268653397
0
0
8.22
Product 627
0442509115
0
0
13.64
Product 628
8502827761
0
0
11.38
Product 629
3648142138
0
0
11.56
Product 630
0335202405
0
0
4.64
Product 631
9697938771
0
0
10.00
Product 632
2633650702
0
0
0.90
Product 633
4259427164
0
1
6.36
Product 634
4454897414
0
0
2.21
Product 635
3221569885
0
1
2.12
Product 636
5441077279
1
0
2.45
Product 637
6950359677
0
0
0.97
Product 638
1141585363
0
0
14.56
Product 639
1750398157
0
0
6.06
Product 640
2751195487
0
0
10.29
Product 641
2167155046
0
0
14.63
Product 642
1716784034
0
0
6.57
Product 643
8705642318
0
0
9.51
Product 644
0556051473
0
0
2.48
Product 645
1293142264
1
0
11.29
Product 646
5692891949
0
0
8.94
Product 647
6550623174
1
0
10.26
Product 648
7329325660
0
0
0.53
Product 649
2946268379
0
0
13.68
Product 650
9662505044
0
0
0.53
Product 651
6563875338
0
0
8.86
Product 652
3415793335
0
0
9.35
Product 653
6434483855
0
0
14.17
Product 654
2769129697
1
0
13.94
Product 655
5699828509
0
0
2.51
Product 656
2673446034
0
0
15.47
Product 657
0116558029
0
0
8.45
Product 658
4396227685
0
0
9.74
Product 659
2855433168
0
0
2.13
Product 660
1897653640
0
0
15.37
Product 661
5192914036
1
0
4.39
Product 662
7990604201
0
0
0.97
Product 663
0510897435
0
0
0.73
Product 664
6168503424
0
0
0.07
Product 665
7403950239
0
0
15.25
Product 666
1379436009
0
0
4.38
Product 667
2344927352
0
0
10.64
Product 668
7710569574
0
0
7.24
Product 669
7480009509
0
0
9.77
Product 670
0881467696
1
0
14.01
Product 671
2326941186
0
0
5.23
Product 672
5248227094
0
0
12.05
Product 673
3118191980
0
0
10.41
Product 674
1295724124
0
0
7.20
Product 675
4309654412
0
0
8.84
Product 676
0989613302
0
0
6.73
Product 677
6816122557
1
0
0.67
Product 678
9229962678
1
0
13.67
Product 679
1235146220
0
0
7.34
Product 680
6887089458
0
0
15.68
Product 681
5725127427
1
0
5.94
Product 682
0772951546
0
0
7.88
Product 683
5340947980
0
0
7.35
Product 684
4490296741
0
0
10.37
Product 685
2770417652
0
0
0.40
Product 686
1449639704
0
0
12.66
Product 687
2428696693
0
0
3.86
Product 688
0284996957
0
0
9.29
Product 689
7380326014
0
0
7.68
Product 690
3301533925
0
0
3.84
Product 691
7504050423
0
0
9.21
Product 692
3137388561
0
0
14.48
Product 693
3119310409
0
0
4.97
Product 694
5948141982
0
0
11.40
Product 695
0678561838
0
0
3.16
Product 696
9720546373
0
0
13.18
Product 697
7256202242
0
0
15.39
Product 698
9839792131
1
0
14.68
Product 699
0165104519
0
1
10.32
Product 700
7287747065
0
0
6.14
Product 701
5237888244
0
0
5.34
Product 702
3725678010
0
0
14.44
Product 703
4164866344
0
0
1.18
Product 704
0913123493
1
0
3.35
Product 705
0187066111
0
0
9.93
Product 706
7963752365
0
0
14.42
Product 707
5285952055
0
0
0.95
Product 708
7390250522
0
0
4.64
Product 709
0375787338
0
0
14.14
Product 710
9375028299
0
0
3.21
Product 711
6415988445
0
0
4.32
Product 712
3706880288
0
0
12.42
Product 713
2226781278
1
0
14.21
Product 714
1606042123
0
0
12.29
Product 715
3273354020
0
0
8.85
Product 716
7579169035
0
0
15.48
Product 717
7259865586
0
0
12.77
Product 718
7333529138
0
1
13.09
Product 719
6186716086
0
0
4.97
Product 720
6557460292
0
1
11.87
Product 721
8896625353
0
0
1.13
Product 722
2440235963
0
0
7.71
Product 723
0302628785
0
0
0.84
Product 724
9211796371
0
0
2.80
Product 725
4918701449
0
0
1.47
Product 726
1354838787
0
0
1.78
Product 727
4158545494
0
0
10.92
Product 728
4541819469
0
0
15.31
Product 729
7136622712
0
0
7.12
Product 730
9696731931
0
0
13.55
Product 731
7368386326
0
0
0.12
Product 732
8183467807
0
0
14.46
Product 733
8326151683
0
0
1.61
Product 734
9266028541
0
0
10.40
Product 735
9748168454
1
0
15.19
Product 736
8818089728
1
0
0.64
Product 737
4786563240
0
0
4.59
Product 738
0167236045
0
0
7.54
Product 739
1612535549
1
0
13.79
Product 740
8605408974
0
0
4.05
Product 741
7500027021
0
0
15.00
Product 742
5158862335
0
0
7.69
Product 743
5398030266
0
0
1.31
Product 744
0267618456
1
0
9.75
Product 745
4191070454
0
0
8.00
Product 746
7185725136
0
0
9.71
Product 747
0279640990
0
0
12.61
Product 748
1226271145
0
0
3.46
Product 749
2579196551
0
0
3.55
Product 750
6904252762
0
0
15.26
Product 751
4893794354
0
0
1.45
Product 752
6154721735
0
0
1.59
Product 753
8322501810
1
0
14.28
Product 754
4855908382
0
0
7.79
Product 755
6784038536
0
0
1.52
Product 756
2780419685
0
1
8.04
Product 757
7240741072
0
0
15.56
Product 758
5505805735
1
0
8.88
Product 759
1274063710
0
0
7.85
Product 760
8890436444
0
0
15.99
Product 761
1311809060
0
0
5.31
Product 762
5133119588
0
0
11.42
Product 763
4308796730
0
0
0.80
Product 764
4456467126
0
0
14.57
Product 765
9825838707
0
0
0.56
Product 766
7682092661
1
0
1.62
Product 767
6222521236
0
0
5.80
Product 768
6405956142
0
0
4.84
Product 769
5242187797
0
0
14.28
Product 770
7721799467
0
0
5.62
Product 771
9859264889
0
0
7.91
Product 772
1750532574
0
0
14.46
Product 773
1278151427
0
0
5.89
Product 774
3271826668
0
0
0.06
Product 775
0213556208
0
0
2.89
Product 776
5144318311
0
0
5.80
Product 777
7676898956
0
1
6.19
Product 778
1445947759
1
0
15.19
Product 779
6374300284
0
0
13.32
Product 780
9435037048
1
0
1.34
Product 781
4853687945
0
0
1.41
Product 782
8614789367
0
0
13.46
Product 783
0969719736
0
0
15.73
Product 784
7763457318
0
0
2.65
Product 785
5423902599
0
0
0.17
Product 786
4229155737
0
0
14.54
Product 787
2401403199
1
0
8.39
Product 788
4953646627
0
0
4.84
Product 789
0821470686
0
0
13.12
Product 790
7886256394
0
0
10.58
Product 791
6691628348
1
0
4.91
Product 792
9356818241
0
0
6.21
Product 793
0402362221
0
0
14.94
Product 794
7879185149
0
0
13.77
Product 795
4580975866
0
0
0.79
Product 796
9664377204
0
0
7.19
Product 797
0894488757
0
0
7.50
Product 798
2874040588
0
0
6.44
Product 799
6938857757
1
0
10.15
Product 800
9268907108
0
1
3.27
Product 801
1201285675
0
0
6.85
Product 802
4312912997
0
0
8.85
Product 803
7347699864
0
0
11.95
Product 804
9425001820
0
0
7.13
Product 805
5233892342
0
0
8.69
Product 806
7658093198
0
0
10.03
Product 807
2336709953
0
0
9.20
Product 808
7488614302
0
0
12.64
Product 809
8876055007
0
0
9.56
Product 810
5186694222
0
0
0.51
Product 811
5660731783
0
0
0.56
Product 812
5348655000
0
0
9.79
Product 813
6121389800
0
0
6.11
Product 814
3660380609
0
0
14.66
Product 815
7610900774
0
0
3.61
Product 816
7627752061
1
0
15.94
Product 817
5440276202
0
0
5.55
Product 818
5903072724
0
0
15.87
Product 819
8672411858
0
0
14.51
Product 820
8419014110
0
0
3.98
Product 821
8346079279
0
0
4.69
Product 822
0605930454
0
0
13.89
Product 823
6148884180
0
0
7.17
Product 824
1695101880
0
0
3.52
Product 825
7117226480
0
0
3.71
Product 826
7317591828
0
0
4.40
Product 827
2286495885
0
1
12.91
Product 828
1600658131
0
0
3.27
Product 829
1430953322
0
0
5.89
Product 830
3208110205
0
1
9.25
Product 831
9317900627
0
0
9.64
Product 832
9197769956
0
0
7.76
Product 833
2251011402
0
0
15.50
Product 834
5496224225
0
0
15.55
Product 835
8253089551
0
0
13.89
Product 836
0219919323
0
0
7.07
Product 837
7158470098
0
0
2.14
Product 838
0175694412
0
0
12.66
Product 839
0149205124
0
1
1.72
Product 840
3161561330
0
0
4.45
Product 841
6657538626
0
0
4.28
Product 842
5898356263
0
0
3.70
Product 843
1802913798
1
0
1.98
Product 844
4139611326
0
0
12.87
Product 845
2500846843
0
0
7.35
Product 846
7457273891
0
0
7.61
Product 847
1331418533
0
0
7.44
Product 848
9573454477
0
0
12.18
Product 849
8324494795
0
0
9.72
Product 850
4367176113
0
0
1.77
Product 851
3763104128
0
0
11.02
Product 852
9782208036
0
0
13.50
Product 853
9207265541
0
0
0.87
Product 854
0217520059
0
0
12.31
Product 855
4264870937
0
0
11.18
Product 856
6683893962
0
0
10.88
Product 857
7739363934
0
1
12.88
Product 858
6823855967
1
0
0.37
Product 859
5363923750
0
0
11.49
Product 860
2285129049
0
1
5.05
Product 861
9982734525
0
0
4.52
Product 862
8825233849
0
0
2.72
Product 863
0219258318
0
0
3.71
Product 864
6807302988
0
0
13.26
Product 865
4564348626
0
0
10.82
Product 866
0790473413
0
0
11.26
Product 867
0685327425
0
0
2.84
Product 868
0507674980
0
0
15.16
Product 869
6248026455
0
0
15.53
Product 870
0302885527
0
0
7.43
Product 871
1253492443
0
0
7.93
Product 872
0914830547
0
0
7.17
Product 873
8416319234
0
0
10.51
Product 874
5430265334
0
0
15.76
Product 875
2704166864
0
0
11.03
Product 876
0335458062
0
0
11.51
Product 877
9536923041
1
0
4.04
Product 878
3603335483
1
0
9.15
Product 879
9249088213
0
0
11.03
Product 880
2836883497
1
0
1.11
Product 881
6378085274
0
0
11.39
Product 882
8797640253
0
0
12.00
Product 883
3414827742
0
0
5.78
Product 884
8576376202
0
0
11.09
Product 885
3436920530
0
0
13.19
Product 886
9450589425
0
0
12.36
Product 887
3723758155
0
0
10.86
Product 888
7403950174
1
0
11.99
Product 889
6598254962
0
0
8.26
Product 890
8359159497
0
0
15.86
Product 891
3247401772
0
0
10.62
Product 892
5229791100
1
0
9.65
Product 893
9891544086
0
0
7.07
Product 894
6251610069
0
0
0.10
Product 895
8968898949
0
0
15.05
Product 896
8853111778
0
0
4.33
Product 897
4368395542
0
0
14.63
Product 898
3253140582
0
0
12.71
Product 899
6713658845
0
0
12.40
Product 900
3148033894
0
0
4.43
Product 901
3742213565
0
0
10.88
Product 902
0577100008
1
0
13.53
Product 903
5893857908
0
0
2.92
Product 904
2479470770
0
1
6.88
Product 905
9296969103
0
0
11.01
Product 906
8102095830
1
0
10.96
Product 907
3400841818
0
0
11.91
Product 908
4441590715
0
0
0.23
Product 909
2129271505
0
0
13.44
Product 910
8270098554
0
0
8.46
Product 911
8301602921
0
0
8.91
Product 912
9265518107
0
0
7.41
Product 913
4290079714
0
0
14.11
Product 914
5428667936
0
0
0.22
Product 915
4899383543
0
0
1.82
Product 916
6522137286
1
0
14.50
Product 917
2937477135
0
0
0.96
Product 918
8325930836
0
0
4.30
Product 919
2259369468
0
0
7.42
Product 920
8306260653
0
1
9.03
Product 921
9591135340
0
0
0.54
Product 922
9109180163
0
0
5.19
Product 923
1267645909
0
0
8.20
Product 924
5748959263
0
0
9.39
Product 925
9500628512
0
0
15.45
Product 926
0115791693
0
1
0.78
Product 927
4636920304
0
0
8.11
Product 928
3204540786
0
0
9.16
Product 929
6944612348
0
0
4.51
Product 930
1232376753
1
0
8.65
Product 931
3382583390
0
0
9.16
Product 932
1409738917
0
0
5.01
Product 933
2616392317
0
0
14.34
Product 934
2394854098
0
0
15.58
Product 935
4146632226
0
0
1.64
Product 936
8560145345
1
0
8.29
Product 937
0666333342
0
0
10.10
Product 938
0820895136
0
0
13.69
Product 939
7195713009
0
0
2.03
Product 940
8325920186
0
0
11.08
Product 941
6441187472
0
0
3.90
Product 942
8769338607
0
0
10.09
Product 943
0621880544
0
0
4.35
Product 944
3689916235
0
0
5.76
Product 945
6955203955
0
0
1.53
Product 946
4504997726
0
1
4.46
Product 947
1155853920
0
0
15.14
Product 948
8182128226
0
0
6.82
Product 949
3256935121
0
0
8.12
Product 950
1182876151
0
0
4.42
Product 951
1363094766
0
0
1.02
Product 952
8887828979
0
0
7.74
Product 953
9545667664
0
0
12.10
Product 954
8276481845
0
0
15.35
Product 955
0492732153
0
0
7.62
Product 956
1629706753
0
0
6.08
Product 957
3326982275
0
0
8.57
Product 958
2625916262
0
1
6.22
Product 959
2927072453
0
1
15.67
Product 960
8960034379
0
0
3.49
Product 961
5779349151
0
0
15.40
Product 962
4820779233
0
0
12.70
Product 963
8915753978
0
0
9.69
Product 964
8672911947
0
0
10.05
Product 965
4816544134
0
0
5.93
Product 966
6153962540
0
0
14.69
Product 967
8126643211
0
0
14.38
Product 968
0820001279
0
1
3.05
Product 969
6663180450
1
0
15.07
Product 970
8594205136
0
0
7.04
Product 971
5305847135
0
0
6.45
Product 972
6401104744
0
1
2.46
Product 973
7801524466
0
0
9.42
Product 974
9791135510
0
0
1.27
Product 975
3934022256
0
1
1.29
Product 976
2388156035
0
0
5.91
Product 977
8135123583
0
1
6.31
Product 978
8554910299
0
0
14.88
Product 979
4953904824
0
0
8.62
Product 980
8197873794
0
0
12.29
Product 981
9860875146
0
0
6.36
Product 982
9833900550
0
0
12.04
Product 983
7687847851
0
0
12.05
Product 984
2399952983
0
0
9.56
Product 985
8302644109
0
0
13.96
Product 986
8574209165
0
0
2.68
Product 987
4270795438
0
0
10.47
Product 988
6283983637
0
0
9.72
Product 989
5177540436
0
0
7.51
Product 990
2637745994
0
0
11.11
Product 991
5738726393
0
0
2.25
Product 992
6738996779
0
0
2.14
Product 993
0909634431
0
0
4.36
Product 994
5727480500
0
0
10.15
Product 995
5514604839
0
0
10.92
Product 996
1519036122
0
0
0.61
Product 997
7776883408
0
0
8.99
Product 998
2646888496
0
0
0.49
Product 999
1306916692
0
0
8.62
Product 1000
6312439655
0
0
14.73
